model : roberta-base
test_batch_size : 21
context_window  : 256
n_epochs: 5
learning_rate: 0.000004589316903764741
weight_decay: 0.005791215786206499
freeze_weights: False
batch_size: 14
warmup_fraction: 0.30940788803284475